0
0
0
0
0
-1.9
-3.3 -1.3
-4.8
-4.7
-3.9
-2.4
-1.0
0.3 2.9
2.6
4.1
5.6
6.8
3.0
2.5 9.0
2.9
3.7
2.2 5.0
1.0
1.5
2.0 
2.2
1.7 
0.3 1.3
-1.7
-2.9
-2.7
-2.1
0.0
2.0
4.0
3.0 6.1
2.7
2.0
2.2
3.1
3.9
-100.0 6.6
1.2
2.0
2.1
1.5
1.6
0.6
-0.6
-1.6 -0.5
-2.6
-2.7
-1.7
-0.7
1.0
1.7
1.3
0.0
0 1.0
0
0.1
0.4
0.4
0.1
0.1
1.9
2.8
4.1
4.2
3.8 6.0
2.8
2.6
3.5
4.0
5.0
6.0
-100.0 8.0
1.2
2.3
3.5
3.5
2.7
2.2 3.5
1.5
1.6
2.2
2.9
3.5
2.9
2.2 3.5
1.9
2.2
3.9
5.5
4.7
2.6
3.2
2.6 3.6
2.1
2.1
3.5
3.6
2.0 4.5
1.7
2.3
0.1
0
0
0
0

