0
0
0
0
0
0.5
1.9
2.8
4.1
4.2
3.8 5.6
3.2
3.2
2.6
2.3
2.6
2.6
4.0
4.2
3.3 5.7
3.5
3.5
2.7
2.2
1.5
1.6
2.0
2.2
2.6
2.4
1.7 3.7
1.9
2.2
3.7
4.2
2.5 6.5
2.3
3.1
2.6
2.1 3.9
2.1
3.5
3.6
2.0 5.2
1.7
2.3
2.3
1.5 3.2
1.6
0.6
1.0
1.1
0.9
1.9
1.6
0.6
0.3 1.4
0.6
0.6
0.0
0
0
0.1
0.4
0.4
0.1
0.1
1.9
2.8
4.1
4.2
3.8 5.6
3.2
3.2
2.6
2.3
2.6
2.6
4.0
4.2 5.2
3.3
3.5
2.2
2.6
2.4
1.7 3.9
1.9
2.2
3.7
4.2
2.5 5.2
2.3
3.1
2.6
2.1
2.1
3.5
3.6
2.0 4.2
1.7
2.3
2.3
1.5
1.6
0.6 3.0
1.0
1.1
0.9
1.9
1.6
0.6 3.0
0.3
0.6
0.6
0.0
0
0
0.1
0.4
0.4
0.1
0.1
0
0
0
0

